1.13543e+08  1.01024e+08  -3.54647e+08  -1.86612e+08  3.72168e+08  2.14366e+07  2.56365e+07  2.90121e+08  5.75387e+07
9.68892e+07  2.53419e+07  -3.13281e+08  -3.67496e+07  2.55142e+08  1.35469e+08  2.56618e+08  -9.98448e+07  3.15296e+08
4.44617e+07  -1.83878e+08  3.56611e+07  1.20792e+08  -6.76653e+07  3.69912e+08  2.48794e+08  -1.0401e+08  5.01874e+07
-1.22135e+08  -1.69159e+08  3.174e+08  1.4154e+08  -7.74567e+07  3.25008e+08  1.25127e+08  1.45325e+08  -3.42207e+08
-3.12244e+08  1.12351e+08  2.6793e+08  1.40719e+08  2.23482e+08  -2.10677e+07  1.115e+08  1.40795e+08  -1.48628e+08
-2.90056e+08  2.59352e+08  7.70656e+07  2.44885e+08  3.60765e+08  -1.78585e+08  4.62364e+07  -2.30935e+07  3.38291e+08
6.83658e+06  4.05073e+07  6.1254e+07  3.23081e+08  1.70433e+08  4.59825e+07  -1.66102e+08  2.83743e+07  3.06227e+08
3.20564e+08  -1.848e+08  1.65982e+08  1.9404e+08  -5.80003e+06  2.26733e+08  -1.75161e+08  1.2153e+08  -1.70989e+08
3.8161e+08  1.79651e+07  1.09349e+08  -4.89494e+07  3.41528e+07  9.0271e+07  1.65072e+08  -7.9919e+07  -3.30957e+08
2.60834e+08  4.48244e+08  -7.21254e+07  -1.71239e+08  6.06136e+07  -3.68497e+07  3.45409e+08  -2.84391e+08  -3.44482e+07
2.33763e+08  5.24633e+08  -4.29722e+07  -1.28046e+08  -7.75834e+07  7.58905e+07  1.97175e+07  -4.8992e+07  1.71537e+08
3.52127e+08  1.71786e+08  2.27447e+08  -1.70845e+07  -1.64275e+08  8.38074e+07  -3.12243e+08  3.31026e+08  9.57207e+07
3.8032e+08  -6.30613e+07  3.4777e+08  1.42547e+08  -5.33302e+07  -2.30341e+08  -1.24544e+08  2.71758e+08  4.18363e+07
1.86824e+08  1.29197e+08  1.60067e+08  3.06851e+08  6.70474e+07  -4.03087e+08  2.08407e+08  -1.00621e+08  6.10764e+07
-3.54859e+07  3.65703e+08  3.03209e+07  2.77862e+08  7.22603e+07  -3.50185e+07  8.10978e+07  -2.37639e+08  -6.16087e+07
-5.7202e+07  2.33925e+08  1.92036e+08  2.23018e+07  1.26634e+08  4.44746e+08  -2.63637e+08  -1.27273e+08  -2.107e+08
6.66453e+07  -6.43608e+07  2.89828e+08  -9.62255e+07  2.87898e+08  4.11264e+08  -1.85999e+08  -1.26803e+08  -1.07378e+08
1.2499e+08  -1.2005e+08  1.75004e+07  1.70336e+08  3.18783e+08  1.74686e+07  2.19869e+08  -1.46218e+08  9.36099e+07
6.08144e+07  1.55559e+07  -2.47186e+08  4.34703e+08  1.24788e+08  -1.24471e+08  3.41493e+08  1.37324e+08  8.10736e+07
-2.599e+07  4.24202e+07  -3.95571e+07  2.0317e+08  -3.88797e+07  9.12005e+07  1.28052e+08  4.94825e+08  1.55888e+07
-7.85894e+07  -5.90915e+06  3.30423e+08  -2.70751e+08  -1.6483e+07  2.60257e+08  7.95709e+07  4.29322e+08  1.74133e+08
-9.48487e+07  7.75872e+07  2.31651e+08  -3.16952e+08  1.71497e+07  2.00601e+08  2.96308e+08  6.13504e+07  2.86139e+08
-2.48903e+07  1.51897e+08  -2.18453e+08  7.81991e+07  -2.45425e+07  9.70731e+07  3.47714e+08  -7.67492e+07  -388041
1.33462e+08  -4.7361e+07  -3.35057e+08  2.73653e+08  4.59436e+07  5.80573e+07  6.15683e+07  3.55626e+07  -3.24708e+08
2.01403e+08  -3.00056e+08  -3.45803e+06  5.08979e+07  2.36341e+08  1.47402e+07  -2.39336e+08  -1.92576e+07  -1.44184e+08
1.86145e+07  -1.53723e+08  2.0702e+08  -1.06314e+08  2.23217e+08  -4.48144e+07  -3.03163e+08  -2.4658e+08  2.42987e+08
-2.50342e+08  2.5915e+08  8.04602e+07  5.79059e+07  -8.86873e+07  -9.95277e+07  -2.09525e+08  -2.57411e+08  1.42388e+08
-2.64554e+08  3.27932e+08  3.19678e+07  1.60106e+08  -3.32716e+08  -2.03819e+08  -8.48311e+07  -4.43998e+07  -3.00498e+08
1.74775e+07  -4.75089e+07  1.95527e+08  -4.8173e+07  -2.65885e+08  -3.13065e+08  584172  2.03467e+07  -3.14837e+08
2.67015e+08  -2.6894e+08  1.15718e+08  -2.43459e+08  -1.13789e+08  -2.41896e+08  -6.09438e+07  -9.23796e+07  1.53253e+08
2.48576e+08  -3.00649e+07  -3.36007e+08  -1.94321e+08  -9.05809e+07  -1.61978e+07  -2.28666e+08  -6.65717e+07  3.45273e+08
9.08167e+07  1.95159e+08  -5.63919e+08  -1.64156e+08  -8.20517e+07  6.60754e+07  -2.09107e+08  8.41114e+07  -1.39017e+07
-1.47714e+07  -1.13257e+07  -2.12411e+08  -2.9282e+08  -4.05114e+07  -6.33057e+07  9.46516e+07  3.91791e+07  -3.10169e+08
-1.18637e+08  -3.20076e+08  1.99435e+08  -2.55125e+08  -1.36522e+08  -1.02311e+08  2.91695e+08  -1.52691e+08  -1.21593e+08
-3.23222e+08  -2.68352e+08  1.24245e+08  6.91509e+07  -2.74729e+08  3.85807e+07  6.95438e+07  -1.06819e+08  1.73027e+08
-5.00372e+08  -4.77643e+07  -1.74789e+08  2.49034e+08  -8.43413e+07  3.82994e+07  -2.56271e+08  1.67157e+08  1.54697e+08
-4.51219e+08  -1.16993e+08  -1.98401e+08  5.03186e+07  3.34054e+08  -1.70587e+08  -2.23087e+08  2.23189e+08  -1.21001e+07
-2.34952e+08  -3.94038e+08  -5.69483e+07  -1.30889e+08  3.58262e+08  -1.53403e+08  5.94844e+07  -6.15603e+07  -4.91526e+07
-9.82286e+07  -4.22996e+08  -1.21011e+08  -3.05511e+07  -1.17937e+08  2.26056e+08  1.7509e+08  -2.79584e+08  -4.32563e+07
-1.23888e+08  -1.38578e+08  -2.90836e+08  -1.91359e+07  -3.78447e+08  4.08036e+08  8.88421e+07  -1.52107e+08  -1.12268e+08
-1.56893e+08  7.70558e+07  -2.48682e+08  -3.23226e+08  -6.60608e+07  3.71791e+07  4.17166e+07  1.15764e+08  -8.89311e+07
-7.29231e+07  1.28465e+07  -8.09315e+07  -4.61462e+08  1.69363e+08  -3.8303e+08  2.93457e+07  2.44264e+08  1.25684e+08
5.39313e+07  -1.41136e+08  -5.65567e+07  -9.40206e+07  -1.86821e+08  -3.20855e+08  -8.17536e+07  2.06015e+08  2.73905e+08
8.3252e+07  -1.55296e+08  -9.32036e+07  2.45752e+08  -5.63622e+08  -7.21131e+07  -1.68519e+08  5.78275e+07  1.14277e+08
-6.70095e+06  -1.91357e+07  8.58075e+06  1.13612e+07  -2.89983e+08  -1.17328e+08  -9.3909e+07  -1.75309e+08  -1.87853e+08
-1.02871e+08  1.371e+08  9.78971e+07  -3.75091e+08  2.20655e+08  -2.37161e+08  -7.1708e+07  -3.74018e+08  -2.95858e+08
-7.90561e+07  1.53749e+08  -2.96789e+07  -2.27177e+08  2.04512e+08  -4.53591e+07  -2.83388e+08  -3.82492e+08  -1.47085e+08
6.11614e+07  -3.77182e+07  -1.6429e+08  2.35331e+08  -1.5241e+08  1.52364e+08  -4.25605e+08  -2.2371e+08  3.10694e+07
1.51939e+08  -2.43032e+08  -3.58053e+07  3.04158e+08  -1.63076e+08  -9.12843e+07  -1.77891e+08  -3.84869e+07  5.07643e+07
4.52319e+07  -1.47247e+08  1.59048e+08  -3.06127e+07  9.57704e+07  -4.14132e+08  1.82828e+08  1.2166e+08  -2.49307e+07
-1.57715e+08  1.97924e+08  1.05924e+08  -2.07362e+08  3.64748e+07  -1.83548e+08  2.14484e+08  2.39096e+08  -2.39954e+06
-1.82842e+08  3.19276e+08  -5.78428e+07  -1.0555e+08  -2.54751e+08  3.56062e+08  5.94295e+07  2.23478e+08  1.43279e+08
4.30895e+07  1.01008e+06  -5.6904e+07  -5.4485e+07  -1.6597e+08  4.4195e+08  1.34715e+08  8.57368e+07  1.85778e+08
2.47981e+08  -3.25173e+08  -2.57987e+07  -6.03714e+07  2.82513e+08  7.02625e+07  3.39129e+08  2.25052e+07  -7.52127e+06
1.66296e+08  -2.15093e+08  -1.61667e+08  1.2247e+08  4.53428e+08  -6.0868e+07  2.50798e+08  1.02572e+08  -1.78286e+08
-1.06083e+08  1.12395e+08  -1.8218e+08  3.28722e+08  2.01718e+08  2.20982e+08  -6.74784e+07  1.16323e+08  -3.03356e+07
-2.69224e+08  1.83356e+08  2.00046e+08  2.16022e+08  2.31415e+07  3.4897e+08  -1.49625e+08  -3.51557e+07  2.2128e+08
-2.06074e+08  3.63732e+07  5.81913e+08  -1.1067e+06  1.03919e+08  6.47475e+07  7.47605e+07  -1.15651e+08  1.23398e+08
-2.17015e+07  4.09359e+07  3.99503e+08  1.25787e+08  1.12598e+08  -1.94883e+08  1.98933e+08  1.85832e+07  -2.17406e+08
1.9399e+08  1.93463e+08  -9.90482e+07  3.82944e+08  -2.58689e+07  -1.03866e+08  3.60234e+07  1.24998e+08  -2.2281e+08
4.09418e+08  1.99998e+08  -2.10349e+08  1.94699e+08  1.07182e+06  9.60947e+07  -1.52344e+08  1.30219e+07  1.68501e+08
5.20136e+08  1.0607e+08  8.60476e+07  -2.92882e+08  1.72338e+08  1.24324e+08  -1.33809e+08  -1.03897e+08  3.13571e+08
4.23822e+08  2.09163e+08  2.02991e+08  -3.58391e+08  8.69875e+07  4.74942e+07  2.87479e+07  -2.70391e+07  -6.36634e+07
2.20179e+08  4.16499e+08  4.23298e+07  7.94804e+07  -2.40798e+08  -1.89626e+07  1.72785e+08  5.94005e+07  -3.58923e+08
1.14695e+08  3.38591e+08  8.73284e+07  3.38637e+08  -2.97527e+08  -1.00463e+08  1.64256e+08  -6.62917e+06  -8.60969e+07
1.21159e+08  2.31046e+07  3.83612e+08  1.54058e+08  6.23574e+07  -1.48136e+08  -6.20746e+07  -2.69502e+07  3.12559e+08
7.85962e+07  -6.31018e+07  3.84865e+08  3.84057e+07  3.62845e+08  -4.75316e+07  -3.13874e+08  1.04921e+08  2.28901e+08
-3.48155e+07  1.45524e+08  -1.10931e+07  2.58202e+08  2.95925e+08  1.2509e+08  -2.23105e+08  8.93854e+07  -1.45648e+08
-5.80578e+07  1.85672e+08  -1.94097e+08  3.62213e+08  1.24727e+08  2.09032e+08  1.98006e+08  -1.99911e+08  -2.57033e+08
4.05644e+07  -8.59289e+07  9.09379e+07  6.93267e+07  1.14423e+08  2.45308e+08  4.25671e+08  -3.18811e+08  -8.28245e+07
7.594e+07  -2.0585e+08  2.76733e+08  -1.90206e+08  1.47014e+08  3.06324e+08  1.90915e+08  5.25236e+07  5.62153e+07
-2.9579e+07  5.64157e+07  -1.22312e+07  -4.76592e+07  9.06497e+07  2.2998e+08  -5.53326e+07  4.94899e+08  1.37194e+08
-9.21008e+07  2.4136e+08  -2.84587e+08  1.81756e+08  3.47963e+07  -5.86846e+07  1.16192e+08  4.83307e+08  2.59831e+08
1.21077e+07  -3.39841e+06  -6.07982e+07  1.0452e+08  5.6821e+06  -2.13171e+08  3.83835e+08  1.7642e+08  2.34375e+08
1.08563e+08  -2.69104e+08  2.74349e+08  -1.04793e+08  -8.34397e+07  4.02711e+07  2.49269e+08  2.2175e+06  -5.44332e+07
1.61854e+07  -7.42504e+07  1.482e+08  -1.13859e+08  -1.21383e+08  3.36357e+08  -1.13321e+08  -7.6785e+07  -2.60483e+08
-1.2141e+08  2.77046e+08  -2.20204e+08  4.34221e+06  7.33051e+07  1.78735e+08  -2.32805e+08  -2.65905e+08  -1.14201e+08
-5.9778e+07  1.8049e+08  -2.2771e+08  4.47522e+07  2.86226e+08  -2.37371e+08  -1.63069e+08  -3.62623e+08  7.04305e+07
1.21988e+08  -2.40299e+08  1.05114e+08  6.96682e+07  1.16613e+08  -3.54528e+08  -2.30261e+08  -1.43038e+08  -3.18951e+07
1.22611e+08  -3.07239e+08  2.47509e+08  1.35779e+08  -3.12043e+08  -1.73981e+08  -3.15975e+08  8.85069e+07  -1.57897e+08
-9.16909e+07  1.1812e+08  5.66656e+07  3.38443e+07  -4.47758e+08  -1.33462e+08  -1.28451e+08  -5.39116e+06  -2.79973e+06
-2.01087e+08  4.07845e+08  -1.14862e+08  -2.97481e+08  -1.85523e+08  -2.47585e+08  1.18097e+08  -1.59523e+08  1.53801e+08
-6.01796e+06  1.31753e+08  -1.16345e+08  -4.81518e+08  -1.02987e+07  -1.47837e+08  4.29943e+07  -1.81837e+07  -61085.6
2.57937e+08  -3.37274e+08  -1.76366e+08  -2.47359e+08  -1.39452e+08  1.16096e+08  -1.58112e+08  1.62806e+08  -1.62924e+08
2.24287e+08  -4.28243e+08  -3.52337e+08  7.62493e+07  -1.94785e+08  1.15151e+08  -6.16559e+07  2.04723e+07  2386.22
-1.35627e+08  -1.54994e+08  -3.51968e+08  5.00476e+07  4.03666e+07  -1.29165e+08  1.64268e+08  -1.73161e+08  1.73161e+08
-5.05225e+08  2.94507e+07  -5.21042e+07  -1.82002e+08  1.95593e+08  -1.42e+08  7.47614e+07  -2.49191e+07  -1845.16
-6.07485e+08  -9.42194e+07  2.23588e+08  -1.60306e+08  -6.77367e+06  1.22343e+08  -1.72965e+08  1.85621e+08  -1.85622e+08
-4.53113e+08  -3.15619e+08  1.4843e+08  1.30103e+08  -2.21348e+08  1.74473e+08  -9.37455e+07  3.12473e+07  1663.18
-2.29993e+08  -3.73741e+08  -1.67915e+08  2.5395e+08  -6.22871e+07  -1.05416e+08  1.8208e+08  -2.01246e+08  2.01246e+08
-7.87475e+07  -2.57076e+08  -3.76241e+08  8.74678e+06  2.33328e+08  -2.19993e+08  1.22495e+08  -4.08308e+07  -1153.94
-1.66661e+07  -1.1083e+08  -3.32491e+08  -3.1666e+08  1.89992e+08  6.33338e+07  -1.89996e+08  2.21661e+08  -2.21662e+08
-1.6666e+06  -2.83324e+07  -1.69995e+08  -3.96657e+08  -1.69998e+08  2.83325e+08  -1.69994e+08  5.6664e+07  1017.87
0  -3.33321e+06  -4.99984e+07  -2.49993e+08  -4.16657e+08  4.99964e+07  1.89996e+08  -2.49994e+08  2.49994e+08
0  0  -6.66645e+06  -8.66642e+07  -3.46658e+08  -3.46659e+08  2.59992e+08  -8.66635e+07  -115.46
0  0  0  -1.33329e+07  -1.46663e+08  -4.39989e+08  -1.46664e+08  2.93326e+08  -2.93327e+08
0  0  0  0  -2.66659e+07  -2.39994e+08  -4.79988e+08  1.59995e+08  -38.4857
0  0  0  0  0  -5.33319e+07  -3.73324e+08  -3.73324e+08  3.73323e+08
0  0  0  0  0  0  -1.06664e+08  -5.3332e+08  1583.42
0  0  0  0  0  0  0  -2.13329e+08  -6.39983e+08
0  0  0  0  0  0  0  0  -4.26657e+08
0  0  0  0  0  0  0  0  0
