-5.67716e+07 -5.0512e+07 1.77323e+08 9.33058e+07 -1.86084e+08 -1.07183e+07 -1.28183e+07 -1.4506e+08 -2.87693e+07
-4.84446e+07 -1.26709e+07 1.56641e+08 1.83748e+07 -1.27571e+08 -6.77344e+07 -1.28309e+08 4.99224e+07 -1.57648e+08
-2.22308e+07 9.19389e+07 -1.78306e+07 -6.03962e+07 3.38327e+07 -1.84956e+08 -1.24397e+08 5.2005e+07 -2.50937e+07
6.10677e+07 8.45794e+07 -1.587e+08 -7.07701e+07 3.87284e+07 -1.62504e+08 -6.25637e+07 -7.26624e+07 1.71104e+08
1.56122e+08 -5.61754e+07 -1.33965e+08 -7.03597e+07 -1.11741e+08 1.05338e+07 -5.57499e+07 -7.03977e+07 7.43142e+07
1.45028e+08 -1.29676e+08 -3.85328e+07 -1.22443e+08 -1.80382e+08 8.92926e+07 -2.31182e+07 1.15468e+07 -1.69145e+08
-3.41829e+06 -2.02536e+07 -3.0627e+07 -1.6154e+08 -8.52167e+07 -2.29913e+07 8.30512e+07 -1.41871e+07 -1.53113e+08
-1.60282e+08 9.24e+07 -8.29911e+07 -9.70202e+07 2.90001e+06 -1.13367e+08 8.75805e+07 -6.07649e+07 8.54947e+07
-1.90805e+08 -8.98255e+06 -5.46744e+07 2.44747e+07 -1.70764e+07 -4.51355e+07 -8.25362e+07 3.99595e+07 1.65479e+08
-1.30417e+08 -2.24122e+08 3.60627e+07 8.56196e+07 -3.03068e+07 1.84248e+07 -1.72705e+08 1.42196e+08 1.72241e+07
-1.16881e+08 -2.62317e+08 2.14861e+07 6.4023e+07 3.87917e+07 -3.79453e+07 -9.85874e+06 2.4496e+07 -8.57686e+07
-1.76063e+08 -8.58931e+07 -1.13723e+08 8.54225e+06 8.21374e+07 -4.19037e+07 1.56122e+08 -1.65513e+08 -4.78604e+07
-1.9016e+08 3.15306e+07 -1.73885e+08 -7.12736e+07 2.66651e+07 1.15171e+08 6.22721e+07 -1.35879e+08 -2.09182e+07
-9.34121e+07 -6.45983e+07 -8.00335e+07 -1.53426e+08 -3.35237e+07 2.01543e+08 -1.04203e+08 5.03107e+07 -3.05382e+07
1.7743e+07 -1.82852e+08 -1.51605e+07 -1.38931e+08 -3.61301e+07 1.75093e+07 -4.05489e+07 1.18819e+08 3.08044e+07
2.8601e+07 -1.16963e+08 -9.60179e+07 -1.11509e+07 -6.33172e+07 -2.22373e+08 1.31819e+08 6.36366e+07 1.0535e+08
-3.33226e+07 3.21804e+07 -1.44914e+08 4.81127e+07 -1.43949e+08 -2.05632e+08 9.29995e+07 6.34015e+07 5.36889e+07
-6.24948e+07 6.00249e+07 -8.75019e+06 -8.51678e+07 -1.59392e+08 -8.73432e+06 -1.09934e+08 7.31091e+07 -4.68049e+07
-3.04072e+07 -7.77793e+06 1.23593e+08 -2.17351e+08 -6.2394e+07 6.22354e+07 -1.70746e+08 -6.86619e+07 -4.05368e+07
1.2995e+07 -2.12101e+07 1.97785e+07 -1.01585e+08 1.94399e+07 -4.56003e+07 -6.40258e+07 -2.47412e+08 -7.7944e+06
3.92947e+07 2.95457e+06 -1.65211e+08 1.35376e+08 8.24148e+06 -1.30129e+08 -3.97854e+07 -2.14661e+08 -8.70666e+07
4.74244e+07 -3.87936e+07 -1.15825e+08 1.58476e+08 -8.57487e+06 -1.00301e+08 -1.48154e+08 -3.06752e+07 -1.43069e+08
1.24451e+07 -7.59486e+07 1.09227e+08 -3.90995e+07 1.22712e+07 -4.85365e+07 -1.73857e+08 3.83746e+07 194020
-6.67309e+07 2.36805e+07 1.67529e+08 -1.36826e+08 -2.29718e+07 -2.90286e+07 -3.07842e+07 -1.77813e+07 1.62354e+08
-1.00701e+08 1.50028e+08 1.72901e+06 -2.5449e+07 -1.1817e+08 -7.37009e+06 1.19668e+08 9.62882e+06 7.20921e+07
-9.30725e+06 7.68616e+07 -1.0351e+08 5.31569e+07 -1.11608e+08 2.24072e+07 1.51582e+08 1.2329e+08 -1.21493e+08
1.25171e+08 -1.29575e+08 -4.02301e+07 -2.8953e+07 4.43437e+07 4.97639e+07 1.04762e+08 1.28705e+08 -7.11938e+07
1.32277e+08 -1.63966e+08 -1.59839e+07 -8.00531e+07 1.66358e+08 1.0191e+08 4.24155e+07 2.21999e+07 1.50249e+08
-8.73873e+06 2.37545e+07 -9.77633e+07 2.40865e+07 1.32943e+08 1.56533e+08 -292086 -1.01733e+07 1.57418e+08
-1.33508e+08 1.3447e+08 -5.78591e+07 1.21729e+08 5.68944e+07 1.20948e+08 3.04719e+07 4.61898e+07 -7.66267e+07
-1.24288e+08 1.50325e+07 1.68003e+08 9.71607e+07 4.52904e+07 8.09888e+06 1.14333e+08 3.32859e+07 -1.72637e+08
-4.54083e+07 -9.75797e+07 2.8196e+08 8.20782e+07 4.10258e+07 -3.30377e+07 1.04554e+08 -4.20557e+07 6.95085e+06
7.38572e+06 5.66284e+06 1.06206e+08 1.4641e+08 2.02557e+07 3.16528e+07 -4.73258e+07 -1.95896e+07 1.55084e+08
5.93184e+07 1.60038e+08 -9.97173e+07 1.27563e+08 6.82612e+07 5.11556e+07 -1.45848e+08 7.63453e+07 6.07965e+07
1.61611e+08 1.34176e+08 -6.21227e+07 -3.45754e+07 1.37365e+08 -1.92904e+07 -3.47719e+07 5.34095e+07 -8.65135e+07
2.50186e+08 2.38822e+07 8.73947e+07 -1.24517e+08 4.21706e+07 -1.91497e+07 1.28135e+08 -8.35784e+07 -7.73485e+07
2.25609e+08 5.84963e+07 9.92003e+07 -2.51593e+07 -1.67027e+08 8.52934e+07 1.11544e+08 -1.11595e+08 6.05005e+06
1.17476e+08 1.97019e+08 2.84741e+07 6.54444e+07 -1.79131e+08 7.67016e+07 -2.97422e+07 3.07801e+07 2.45763e+07
4.91143e+07 2.11498e+08 6.05053e+07 1.52756e+07 5.89683e+07 -1.13028e+08 -8.75449e+07 1.39792e+08 2.16282e+07
6.19441e+07 6.9289e+07 1.45418e+08 9.56794e+06 1.89224e+08 -2.04018e+08 -4.4421e+07 7.60537e+07 5.61338e+07
7.84464e+07 -3.85279e+07 1.24341e+08 1.61613e+08 3.30304e+07 -1.85895e+07 -2.08583e+07 -5.78818e+07 4.44656e+07
3.64615e+07 -6.42326e+06 4.04658e+07 2.30731e+08 -8.46813e+07 1.91515e+08 -1.46729e+07 -1.22132e+08 -6.28419e+07
-2.69656e+07 7.05682e+07 2.82784e+07 4.70103e+07 9.34104e+07 1.60428e+08 4.08768e+07 -1.03008e+08 -1.36952e+08
-4.1626e+07 7.7648e+07 4.66018e+07 -1.22876e+08 2.81811e+08 3.60566e+07 8.42597e+07 -2.89138e+07 -5.71383e+07
3.35047e+06 9.56785e+06 -4.29037e+06 -5.68058e+06 1.44991e+08 5.8664e+07 4.69545e+07 8.76545e+07 9.39263e+07
5.14356e+07 -6.85501e+07 -4.89485e+07 1.87546e+08 -1.10328e+08 1.1858e+08 3.5854e+07 1.87009e+08 1.47929e+08
3.95281e+07 -7.68745e+07 1.48394e+07 1.13589e+08 -1.02256e+08 2.26796e+07 1.41694e+08 1.91246e+08 7.35425e+07
-3.05807e+07 1.88591e+07 8.2145e+07 -1.17665e+08 7.62052e+07 -7.61818e+07 2.12803e+08 1.11855e+08 -1.55347e+07
-7.59696e+07 1.21516e+08 1.79026e+07 -1.52079e+08 8.15382e+07 4.56422e+07 8.89456e+07 1.92434e+07 -2.53821e+07
-2.26159e+07 7.36234e+07 -7.95239e+07 1.53063e+07 -4.78852e+07 2.07066e+08 -9.14142e+07 -6.083e+07 1.24653e+07
7.88573e+07 -9.89622e+07 -5.29618e+07 1.03681e+08 -1.82374e+07 9.17742e+07 -1.07242e+08 -1.19548e+08 1.19977e+06
9.14209e+07 -1.59638e+08 2.89214e+07 5.27752e+07 1.27375e+08 -1.78031e+08 -2.97148e+07 -1.11739e+08 -7.16394e+07
-2.15447e+07 -505042 2.8452e+07 2.72425e+07 8.29849e+07 -2.20975e+08 -6.73577e+07 -4.28684e+07 -9.2889e+07
-1.2399e+08 1.62587e+08 1.28994e+07 3.01857e+07 -1.41256e+08 -3.51312e+07 -1.69565e+08 -1.12526e+07 3.76064e+06
-8.3148e+07 1.07546e+08 8.08334e+07 -6.12352e+07 -2.26714e+08 3.0434e+07 -1.25399e+08 -5.1286e+07 8.91431e+07
5.30416e+07 -5.61974e+07 9.10898e+07 -1.64361e+08 -1.00859e+08 -1.10491e+08 3.37392e+07 -5.81615e+07 1.51678e+07
1.34612e+08 -9.16782e+07 -1.00023e+08 -1.08011e+08 -1.15708e+07 -1.74485e+08 7.48123e+07 1.75778e+07 -1.1064e+08
1.03037e+08 -1.81866e+07 -2.90957e+08 553348 -5.19595e+07 -3.23738e+07 -3.73803e+07 5.78256e+07 -6.16989e+07
1.08508e+07 -2.04679e+07 -1.99752e+08 -6.28933e+07 -5.6299e+07 9.74416e+07 -9.94667e+07 -9.29158e+06 1.08703e+08
-9.69949e+07 -9.67317e+07 4.95241e+07 -1.91472e+08 1.29345e+07 5.19328e+07 -1.80117e+07 -6.2499e+07 1.11405e+08
-2.04709e+08 -9.99992e+07 1.05175e+08 -9.73497e+07 -535911 -4.80473e+07 7.61719e+07 -6.51097e+06 -8.42505e+07
-2.60068e+08 -5.30349e+07 -4.30238e+07 1.46441e+08 -8.61688e+07 -6.21622e+07 6.69046e+07 5.19487e+07 -1.56785e+08
-2.11911e+08 -1.04581e+08 -1.01495e+08 1.79195e+08 -4.34937e+07 -2.37471e+07 -1.43739e+07 1.35195e+07 3.18317e+07
-1.10089e+08 -2.08249e+08 -2.11649e+07 -3.97402e+07 1.20399e+08 9.48132e+06 -8.63923e+07 -2.97002e+07 1.79461e+08
-5.73474e+07 -1.69296e+08 -4.36642e+07 -1.69318e+08 1.48763e+08 5.02317e+07 -8.2128e+07 3.31459e+06 4.30485e+07
-6.05796e+07 -1.15523e+07 -1.91806e+08 -7.70289e+07 -3.11787e+07 7.40681e+07 3.10373e+07 1.34751e+07 -1.5628e+08
-3.92981e+07 3.15509e+07 -1.92433e+08 -1.92028e+07 -1.81422e+08 2.37658e+07 1.56937e+08 -5.24605e+07 -1.14451e+08
1.74078e+07 -7.27619e+07 5.54657e+06 -1.29101e+08 -1.47963e+08 -6.25449e+07 1.11553e+08 -4.46927e+07 7.28238e+07
2.90289e+07 -9.28358e+07 9.70484e+07 -1.81106e+08 -6.23634e+07 -1.04516e+08 -9.90029e+07 9.99557e+07 1.28517e+08
-2.02822e+07 4.29644e+07 -4.54689e+07 -3.46634e+07 -5.72116e+07 -1.22654e+08 -2.12835e+08 1.59405e+08 4.14122e+07
-3.797e+07 1.02925e+08 -1.38367e+08 9.51029e+07 -7.35069e+07 -1.53162e+08 -9.54575e+07 -2.62618e+07 -2.81077e+07
1.47895e+07 -2.82079e+07 6.11562e+06 2.38296e+07 -4.53248e+07 -1.1499e+08 2.76663e+07 -2.4745e+08 -6.85969e+07
4.60504e+07 -1.2068e+08 1.42293e+08 -9.08778e+07 -1.73982e+07 2.93423e+07 -5.80958e+07 -2.41653e+08 -1.29916e+08
-6.05384e+06 1.6992e+06 3.03991e+07 -5.226e+07 -2.84105e+06 1.06586e+08 -1.91917e+08 -8.821e+07 -1.17188e+08
-5.42815e+07 1.34552e+08 -1.37174e+08 5.23966e+07 4.17198e+07 -2.01356e+07 -1.24634e+08 -1.10875e+06 2.72166e+07
-8.09272e+06 3.71252e+07 -7.40998e+07 5.69296e+07 6.06915e+07 -1.68178e+08 5.66605e+07 3.83925e+07 1.30242e+08
6.0705e+07 -1.38523e+08 1.10102e+08 -2.1711e+06 -3.66526e+07 -8.93673e+07 1.16402e+08 1.32952e+08 5.71004e+07
2.9889e+07 -9.0245e+07 1.13855e+08 -2.23761e+07 -1.43113e+08 1.18686e+08 8.15345e+07 1.81311e+08 -3.52153e+07
-6.09939e+07 1.20149e+08 -5.25572e+07 -3.48341e+07 -5.83063e+07 1.77264e+08 1.15131e+08 7.15188e+07 1.59476e+07
-6.13053e+07 1.53619e+08 -1.23755e+08 -6.78896e+07 1.56022e+08 8.69907e+07 1.57987e+08 -4.42534e+07 7.89485e+07
4.58455e+07 -5.90599e+07 -2.83328e+07 -1.69221e+07 2.23879e+08 6.67311e+07 6.42256e+07 2.69558e+06 1.39987e+06
1.00544e+08 -2.03923e+08 5.74308e+07 1.4874e+08 9.27617e+07 1.23793e+08 -5.90484e+07 7.97617e+07 -7.69007e+07
3.00898e+06 -6.58765e+07 5.81726e+07 2.40759e+08 5.14933e+06 7.39183e+07 -2.14971e+07 9.09185e+06 30542.8
-1.28968e+08 1.68637e+08 8.8183e+07 1.2368e+08 6.9726e+07 -5.80481e+07 7.90562e+07 -8.14031e+07 8.14619e+07
-1.12143e+08 2.14121e+08 1.76169e+08 -3.81246e+07 9.73926e+07 -5.75754e+07 3.0828e+07 -1.02362e+07 -1193.11
6.78136e+07 7.7497e+07 1.75984e+08 -2.50238e+07 -2.01833e+07 6.45827e+07 -8.21339e+07 8.65803e+07 -8.65805e+07
2.52612e+08 -1.47253e+07 2.60521e+07 9.1001e+07 -9.77964e+07 7.09998e+07 -3.73807e+07 1.24596e+07 922.578
3.03743e+08 4.71097e+07 -1.11794e+08 8.01529e+07 3.38684e+06 -6.11713e+07 8.64827e+07 -9.28105e+07 9.28109e+07
2.26556e+08 1.57809e+08 -7.42152e+07 -6.50516e+07 1.10674e+08 -8.72364e+07 4.68728e+07 -1.56236e+07 -831.59
1.14997e+08 1.8687e+08 8.39575e+07 -1.26975e+08 3.11436e+07 5.2708e+07 -9.10398e+07 1.00623e+08 -1.00623e+08
3.93737e+07 1.28538e+08 1.88121e+08 -4.37339e+06 -1.16664e+08 1.09997e+08 -6.12475e+07 2.04154e+07 576.969
8.33304e+06 5.5415e+07 1.66246e+08 1.5833e+08 -9.49962e+07 -3.16669e+07 9.4998e+07 -1.10831e+08 1.10831e+08
833302 1.41662e+07 8.49976e+07 1.98328e+08 8.49989e+07 -1.41662e+08 8.4997e+07 -2.8332e+07 -508.934
0 1.66661e+06 2.49992e+07 1.24997e+08 2.08328e+08 -2.49982e+07 -9.4998e+07 1.24997e+08 -1.24997e+08
0 0 3.33322e+06 4.33321e+07 1.73329e+08 1.73329e+08 -1.29996e+08 4.33317e+07 57.7302
0 0 0 6.66646e+06 7.33313e+07 2.19994e+08 7.3332e+07 -1.46663e+08 1.46663e+08
0 0 0 0 1.33329e+07 1.19997e+08 2.39994e+08 -7.99974e+07 19.2429
0 0 0 0 0 2.66659e+07 1.86662e+08 1.86662e+08 -1.86662e+08
0 0 0 0 0 0 5.33321e+07 2.6666e+08 -791.709
0 0 0 0 0 0 0 1.06664e+08 3.19992e+08
0 0 0 0 0 0 0 0 2.13328e+08
0 0 0 0 0 0 0 0 0
