0 0.0195169 0.108209 0.059733 -0.115891 0.0212522 -0.112383 -0.383072 0.0739321 -0.228135
0 0.0614403 0.306626 -0.102301 -0.286926 0.0913751 -0.183371 -0.174202 -0.16932 0.141362
0 0.195236 0.177987 -0.152184 -0.176499 -0.165024 -0.112401 0.0325246 -0.259673 0.200177
0 0.22279 -0.107113 -0.049139 -0.048177 -0.400849 0.00471954 0.0206898 0.0259979 -0.200858
0 -0.0260029 -0.198275 0.0254003 -0.0966723 -0.257555 -0.0729587 0.00352396 0.195587 -0.375036
0 -0.34793 -0.0914636 -0.0729339 -0.164572 0.0584789 -0.204694 0.044148 -0.0161675 0.0214087
0 -0.367659 -0.10362 -0.226352 -0.0751281 0.131401 -0.0804219 -0.0698061 -0.178976 0.380277
0 -0.0715403 -0.309162 -0.242793 0.0419688 -0.00485218 0.155069 -0.243653 -0.00757343 0.179894
0 0.141538 -0.362708 -0.150037 -0.00672513 -0.0377348 0.111239 -0.100099 0.139523 -0.207957
0 0.0317249 -0.0577966 -0.0919614 -0.14258 0.0193741 -0.112747 0.268934 -0.00693174 -0.248327
0 -0.138711 0.274793 -0.0421122 -0.172149 -0.0705543 -0.0798322 0.309195 -0.136151 -0.0473017
0 -0.0330406 0.242179 0.101171 -0.085902 -0.215919 0.152235 -0.0677307 0.00172651 0.0648739
0 0.22676 0.00145159 0.221422 0.0288728 -0.112199 0.0902424 -0.299945 0.13645 0.113902
0 0.260527 -0.016637 0.135413 0.169386 0.163277 -0.268063 -0.118869 0.0417024 0.185478
0 0.0254493 0.179881 -0.00963371 0.289859 0.226138 -0.336102 0.0678953 -0.0614428 0.113278
0 -0.145137 0.204426 0.0898223 0.228725 0.0397392 0.078977 -0.0120074 -0.0125585 -0.133642
0 -0.0683741 -0.00311186 0.316032 0.00364709 -0.0325476 0.428945 -0.0466935 -0.0239407 -0.259479
0 0.0752073 -0.0837097 0.226477 -0.0833363 0.144008 0.310348 0.167816 -0.164469 -0.149777
0 0.101727 0.0702443 -0.173077 0.098259 0.290062 0.0373157 0.287449 -0.131509 -0.0547667
0 0.0616416 0.118279 -0.315303 0.240088 0.213841 0.0157228 0.0725376 0.149301 -0.0364981
0 0.0190544 -0.0787956 0.0369566 0.0910993 0.0516849 0.121596 -0.1324 0.298829 0.16757
0 -0.0819848 -0.169069 0.358411 -0.104668 -0.0558088 0.0655165 0.00527428 0.167114 0.502897
0 -0.185574 0.0479384 0.184587 -0.0444666 -0.12707 -0.0813468 0.253989 0.12237 0.502442
0 -0.0796203 0.216515 -0.172088 0.0889602 -0.134168 -0.0834042 0.269227 0.333471 0.121915
0 0.214211 0.0427223 -0.203938 -0.0197006 -0.0043202 0.0654722 0.140272 0.406673 -0.0470548
0 0.315192 -0.168656 -0.0203396 -0.21279 0.152733 0.216852 0.107117 0.11981 0.237702
0 0.0166547 -0.0639525 -0.0071239 -0.126893 0.159085 0.281305 0.135176 -0.114453 0.404567
0 -0.330514 0.109469 -0.0822069 0.161877 0.0835581 0.211584 0.111485 0.0356083 0.0524122
0 -0.292435 -0.0329386 0.0605894 0.289446 0.111203 0.0278002 0.0999052 0.23201 -0.316547
0 0.0216092 -0.25833 0.27105 0.213466 0.186268 -0.0782293 0.118325 0.0880807 -0.136948
0 0.184879 -0.0790627 0.188029 0.152679 0.142683 0.0462667 0.0233459 -0.153241 0.267679
0 0.123739 0.365721 -0.0462127 0.104569 0.0558879 0.20751 -0.148466 -0.0958097 0.251387
0 0.12172 0.483547 0.000903279 -0.0432718 0.0692442 0.114955 -0.115962 0.108892 -0.112101
0 0.239754 0.179139 0.267254 -0.112767 0.0491981 -0.115914 0.144427 0.0906699 -0.254597
0 0.207604 -0.0509047 0.299536 0.08873 -0.134387 -0.134057 0.247767 -0.0733066 -0.0518254
0 -0.0576031 0.0235259 0.051196 0.284072 -0.206248 0.0385471 -0.000340947 -0.0660057 0.129465
0 -0.253444 0.0712272 -0.0945416 0.117817 0.0894474 0.0693097 -0.261838 0.0718626 0.115285
0 -0.160227 -0.126291 -0.0512161 -0.168802 0.389259 -0.0554323 -0.190911 0.0645922 0.0576824
0 0.0300707 -0.30324 -0.104221 -0.117599 0.187695 -0.0255684 0.075506 -0.0738845 0.00699011
0 0.0386782 -0.214024 -0.263424 0.0929406 -0.273146 0.161464 0.216691 -0.0972287 -0.124577
0 -0.0984046 -0.0231573 -0.219745 -0.0577458 -0.33364 0.158805 0.173303 0.0227127 -0.228796
0 -0.148661 0.0317922 0.00322723 -0.427379 -0.00996448 -0.0828269 0.0473712 0.0921948 -0.0815061
0 -0.0343612 -0.0177674 0.0251792 -0.373002 0.0685733 -0.222929 -0.121248 0.0524148 0.239484
0 0.105417 -0.0541506 -0.173432 0.101252 -0.219427 -0.16644 -0.253876 0.0193384 0.373405
0 0.112703 -0.0703911 -0.175062 0.277825 -0.320595 -0.180162 -0.20618 0.0266883 0.15326
0 -0.0279091 -0.04742 0.102087 -0.0712543 -0.0523362 -0.277109 -0.0290405 -0.0191096 -0.193457
0 -0.164322 0.06006 0.217812 -0.324204 0.0940766 -0.137636 0.0290297 -0.157047 -0.365827
0 -0.106383 0.134225 -0.0163471 -0.0970061 -0.0845064 0.201026 -0.0892711 -0.306336 -0.329416
0 0.125051 0.0128003 -0.215549 0.176771 -0.126573 0.251774 -0.170955 -0.358633 -0.269925
0 0.237834 -0.166674 -0.104417 0.102716 0.172205 -0.0980164 -0.135114 -0.272737 -0.299142
0 0.0294467 -0.112766 0.0791533 -0.0401604 0.301129 -0.331244 -0.149535 -0.131233 -0.301954
0 -0.26477 0.108208 0.107108 0.0472638 -0.0567788 -0.157432 -0.24566 -0.0842397 -0.134045
0 -0.240114 0.142143 0.10569 0.112589 -0.412991 0.0225933 -0.216961 -0.142859 0.0836694
0 0.0957272 -0.0332764 0.125948 -0.0883252 -0.288622 -0.13495 -0.0314341 -0.125265 0.0748552
0 0.319203 -0.0645817 -0.0405426 -0.282251 0.0127308 -0.317571 0.0554195 0.0393046 -0.134079
0 0.191185 0.108025 -0.339907 -0.207832 0.00144271 -0.148547 -0.0522794 0.12524 -0.16963
0 -0.074005 0.0982459 -0.349268 -0.0948136 -0.189477 0.143606 -0.119353 -0.0250194 0.0896892
0 -0.216068 -0.221415 -0.00764637 -0.156354 -0.166525 0.137738 -0.00778053 -0.165091 0.2343
0 -0.25277 -0.431518 0.152739 -0.148626 0.0136448 -0.0930193 0.0978961 -0.0268121 -0.02048
0 -0.252462 -0.26012 -0.129686 0.0909192 0.0593471 -0.174988 0.0457612 0.176987 -0.281592
0 -0.129752 -0.019676 -0.367025 0.204376 0.00366825 -0.0294145 -0.0511353 0.0858833 -0.0841246
0 0.112871 -0.00794396 -0.14499 -0.0682208 0.0318016 0.12184 -0.0686622 -0.158733 0.28335
0 0.238652 -0.00432751 0.183952 -0.329191 0.0549428 0.132824 -0.0359737 -0.137273 0.208743
0 0.123617 0.214918 0.162184 -0.141523 -0.0750421 0.0204692 0.030464 0.107845 -0.211881
0 -0.00757547 0.362146 0.014929 0.231238 -0.190512 -0.134644 0.130595 0.154409 -0.312778
0 0.0498798 0.150906 0.149437 0.28497 -0.0671727 -0.185072 0.110013 -0.0445274 0.0535117
0 0.132908 -0.111582 0.352446 0.0948648 0.173288 -0.0290081 -0.13538 -0.117174 0.321762
0 0.0272378 -0.0198117 0.194652 0.0727608 0.27339 0.175018 -0.318485 0.0205441 0.151077
0 -0.115576 0.202715 -0.131319 0.211916 0.223991 0.181478 -0.0853244 0.0540147 -0.150141
0 -0.041457 0.0990791 -0.118656 0.185492 0.147299 0.0757941 0.350907 -0.0842622 -0.247203
0 0.123658 -0.183692 0.154948 -0.0121029 0.0539506 0.143418 0.431997 -0.0864253 -0.181324
0 0.0732696 -0.143468 0.175707 -0.0931454 -0.0276905 0.310598 0.109588 0.123173 -0.0205463
0 -0.122123 0.164712 -0.0975472 -0.00703426 0.0270849 0.208129 -0.105524 0.254119 0.283951
0 -0.113037 0.198345 -0.194416 0.05088 0.155323 -0.141688 0.0160109 0.22016 0.558616
0 0.108258 -0.120092 0.0277434 0.0383679 0.0828339 -0.264151 0.160771 0.253355 0.494826
0 0.161249 -0.250437 0.181297 0.0427764 -0.18538 -0.000661103 0.139363 0.360993 0.189564
0 -0.0722271 0.0409274 0.0497242 0.00236745 -0.247156 0.240481 0.158758 0.272102 0.0557317
0 -0.213013 0.280113 -0.109926 -0.139125 0.0596469 0.196944 0.275686 0.0183535 0.13827
0 -0.000729859 0.0777175 -0.0891559 -0.166632 0.335713 0.124129 0.224578 -0.0467706 0.100891
0 0.251142 -0.247338 -0.0236876 0.0957708 0.254815 0.207331 -0.0124295 0.0976103 -0.0841487
0 0.128203 -0.211329 -0.0103153 0.377967 0.070653 0.204394 -0.0845368 0.0960918 -0.0874297
0 -0.228603 0.0949521 0.0966908 0.312365 0.107018 -0.00987779 0.0781354 -0.0875015 0.0928107
0 -0.30933 0.240326 0.310665 0.0362531 0.187609 -0.121696 0.113983 -0.0981205 0.0927392
0 0.0394349 0.146041 0.352263 -0.0269755 0.0378697 0.0389777 -0.0740603 0.0927418 -0.0981921
0 0.421786 0.101565 0.101132 0.131838 -0.143738 0.142578 -0.122184 0.104736 -0.0981893
0 0.433134 0.216982 -0.13443 0.13751 -0.0444003 -0.0293599 0.0755333 -0.0981917 0.104739
0 0.11984 0.264769 -0.0583163 -0.0837421 0.153413 -0.156371 0.133941 -0.112792 0.104737
0 -0.18091 0.0785493 0.166627 -0.173705 0.0777568 0.016665 -0.0761733 0.104739 -0.112794
0 -0.261475 -0.193361 0.177366 0.0322292 -0.154176 0.173828 -0.149413 0.123047 -0.112792
0 -0.177246 -0.313965 -0.0698266 0.217529 -0.128904 0.00536955 0.0751972 -0.112794 0.123049
0 -0.0727536 -0.24414 -0.295411 0.0859352 0.13672 -0.195312 0.170898 -0.136718 0.123047
0 -0.017578 -0.114257 -0.304688 -0.210939 0.210936 -0.0468729 -0.0703134 0.123048 -0.136719
0 -0.0019531 -0.0312498 -0.171875 -0.34375 -0.0546893 0.21875 -0.203124 0.15625 -0.136718
0 0 -0.00390622 -0.0546873 -0.246094 -0.328126 0.136717 0.0546888 -0.136719 0.156251
0 0 0 -0.00781245 -0.0937498 -0.328125 -0.218751 0.257812 -0.187499 0.156251
0 0 0 0 -0.0156249 -0.15625 -0.390625 -7.92504e-07 0.156251 -0.1875
0 0 0 0 0 -0.0312499 -0.25 -0.375 0.25 -0.1875
0 0 0 0 0 0 -0.0625001 -0.375 -0.187499 0.249999
0 0 0 0 0 0 0 -0.125 -0.5 0.250001
0 0 0 0 0 0 0 0 -0.250001 -0.499998
0 0 0 0 0 0 0 0 0 -1
0 0 0 0 0 0 0 0 0 -1
